1. run_20260524_155114: 35/100
token: 1004562/700588
正確: [1, 2, 3, 4, 5, 6, 7, 8, 10, 11, 12, 13, 14, 15, 16, 17, 18, 19, 20, 22, 23, 28, 31, 32, 33, 34, 36, 37, 39, 41, 46, 47, 58, 60, 71]
誤判 (應該正確): [6, 16, 18, 22, 23, 31, 41, 46, 60]
誤判 (應該錯誤): [26, 38, 62]

2. run_20260525_202743: 34/100
token: 1002802/718368
正確: [1, 2, 3, 4, 5, 6, 7, 8, 10, 11, 12, 13, 14, 15, 16, 17, 18, 19, 20, 23, 25, 26, 31, 32, 33, 34, 36, 37, 39, 41, 42, 47, 71, 80]
誤判 (應該正確): [14, 16, 18, 23, 25, 31, 37, 41, 42]
誤判 (應該錯誤): [28, 58]

3. run_20260525_212425: 33/100
token: 998898/717415
正確: [1, 2, 3, 4, 5, 6, 7, 8, 10, 11, 12, 13, 14, 15, 17, 18, 19, 20, 21, 23, 31, 32, 33, 34, 36, 37, 41, 42, 44, 57, 66, 71, 80]
誤判 (應該正確): [18, 31, 41, 42, 66, 80]
誤判 (應該錯誤): [60]

4. run_20260525_221614: 32/100
token: 1034392/717738
正確: [1, 2, 3, 4, 5, 7, 8, 10, 11, 12, 13, 14, 15, 16, 17, 18, 19, 20, 22, 25, 32, 33, 34, 36, 37, 41, 42, 45, 47, 58, 66, 71]
誤判 (應該正確): [4, 14, 16, 18, 22, 41, 42, 66]
誤判 (應該錯誤): [57, 60]

5. run_20260525_231157: 33/100
token: 1025503/718211
正確: [2, 3, 4, 5, 6, 7, 8, 10, 11, 12, 13, 15, 16, 17, 18, 19, 20, 21, 22, 23, 32, 33, 34, 36, 37, 39, 40, 41, 42, 47, 52, 66, 80]
誤判 (應該正確): [16, 18, 22, 41, 42, 66]
誤判 (應該錯誤): [25, 29, 57]