1. run_20260524_112306: 31/100
token: 1056846/649889
正確: [1, 2, 3, 4, 5, 6, 7, 8, 10, 11, 12, 13, 14, 16, 18, 19, 20, 22, 23, 26, 28, 31, 33, 34, 36, 37, 41, 42, 58, 71, 80]
誤判 (應該正確): [14, 19, 31, 34, 41, 42, 58]
誤判 (應該錯誤): []

2. run_20260524_124256: 34/100
token: 1058838/683081
正確: [1, 2, 3, 4, 5, 6, 7, 8, 10, 11, 12, 13, 14, 15, 16, 19, 20, 22, 23, 26, 27, 28, 29, 31, 32, 33, 34, 36, 37, 39, 41, 47, 57, 80]
誤判 (應該正確): [6, 13, 22, 23, 28, 29]
誤判 (應該錯誤): []

3. run_20260524_141153: 32/100
token: 1036681/698567
正確: [1, 2, 3, 4, 5, 6, 7, 8, 10, 11, 12, 13, 14, 16, 17, 19, 20, 23, 26, 28, 31, 32, 33, 36, 37, 38, 41, 42, 47, 58, 62, 71]
誤判 (應該正確): [5, 6, 16, 28, 41, 58]
誤判 (應該錯誤): []

4. run_20260524_143901: 34/100
token: 1070089/699463
正確: [1, 2, 3, 4, 5, 7, 8, 10, 11, 13, 14, 15, 16, 17, 18, 19, 20, 21, 22, 23, 26, 28, 31, 32, 33, 34, 36, 37, 39, 42, 58, 60, 71, 80]
誤判 (應該正確): [5, 15, 18, 22, 23, 28, 31, 58, 60]
誤判 (應該錯誤): [51]

5. run_20260524_150434: 34/100
token: 1082337/698171
正確: [1, 2, 3, 5, 6, 7, 8, 10, 11, 12, 13, 14, 15, 16, 17, 18, 19, 20, 21, 23, 27, 28, 31, 32, 33, 34, 36, 37, 42, 49, 58, 66, 71, 80]
誤判 (應該正確): [6, 23, 31, 34]
誤判 (應該錯誤): [62]
