1. run_20260524_004655: 30/100
token: 858011/633577
正確: [1, 2, 3, 4, 5, 6, 7, 8, 10, 11, 12, 13, 14, 16, 17, 18, 19, 20, 21, 22, 32, 33, 36, 37, 41, 46, 57, 58, 71, 80]
誤判 (應該正確): [5, 6, 18, 22, 46, 57, 58]
誤判 (應該錯誤): []

2. run_20260524_101242: 35/100
token: 866298/634101
正確: [1, 2, 3, 4, 5, 6, 7, 8, 10, 11, 12, 13, 14, 15, 16, 17, 18, 19, 20, 21, 23, 26, 32, 33, 34, 36, 37, 39, 41, 46, 57, 58, 64, 71, 80]
誤判 (應該正確): [6, 34, 37, 46, 58, 64, 71]
誤判 (應該錯誤): [28]

3. run_20260524_105505: 35/100
token: 843603/649846
正確: [1, 2, 3, 4, 5, 6, 7, 8, 10, 11, 12, 13, 15, 16, 17, 18, 19, 20, 22, 26, 31, 34, 36, 37, 38, 41, 42, 47, 57, 58, 61, 64, 71, 80, 83]
誤判 (應該正確): [6, 31, 37, 38, 41, 64]
誤判 (應該錯誤): [28]

4. run_20260524_114749: 29/100
token: 826367/669218
正確: [1, 2, 3, 4, 7, 8, 10, 11, 12, 14, 16, 17, 18, 19, 20, 21, 23, 28, 33, 34, 36, 37, 38, 41, 42, 45, 71, 75, 80]
誤判 (應該正確): [1, 18, 34, 42]
誤判 (應該錯誤): [58]

5. run_20260524_133038: 32/100
token: 797341/699146
正確: [1, 2, 3, 4, 5, 6, 7, 8, 10, 11, 12, 13, 14, 16, 17, 18, 19, 20, 22, 23, 26, 28, 31, 32, 33, 36, 37, 41, 42, 47, 57, 71]
誤判 (應該正確): [6, 13, 23, 28, 31, 71]
誤判 (應該錯誤): []
